base.stats <- c(65, 75, 70, 65, 85, 75)

initial.level <- 5